m1=10;
m2=100;
c1=100;
c2=1000;
k1=exp(4);
k2=exp(5);
Tend=10;
